{"points": [[-1.4778532981872559, 2.0, -0.04999999701976776], [-1.4778532981872559, 2.0, 0.04999999701976776], [0.0, 3.477853298187256, -0.04999999701976776], [0.0, 3.477853298187256, 0.04999999701976776], [0.0, 0.5221467018127441, -0.04999999701976776], [0.0, 0.5221467018127441, 0.04999999701976776], [1.4778532981872559, 2.0, -0.04999999701976776], [1.4778532981872559, 2.0, 0.04999999701976776], [0.0, 3.697056293487549, -0.04999999701976776], [-1.6970562934875488, 2.0, -0.04999999701976776], [-1.6970562934875488, 2.0, 0.04999999701976776], [0.0, 3.697056293487549, 0.04999999701976776], [1.6970562934875488, 2.0, -0.04999999701976776], [1.6970562934875488, 2.0, 0.04999999701976776], [0.0, 0.30294370651245117, -0.04999999701976776], [0.0, 0.30294370651245117, 0.04999999701976776]], "bounds": {"min": [-1.6970562934875488, 0.30294370651245117, -0.04999999701976776], "max": [1.6970562934875488, 3.697056293487549, 0.04999999701976776]}, "center": [0.0, 2.0, 0.0], "radius1": 1.7246086519813317, "radius2": 2.4005208244447966, "colors": ["marker(0)"], "normals": [[0.0, 0.0, -1.0], [-0.7071067690849304, 0.7071067690849304, 0.0], [0.7071067690849304, 0.7071067690849304, 0.0], [0.7071067690849304, -0.7071067690849304, 0.0], [-0.7071067690849304, -0.7071067690849304, 0.0], [0.0, -0.0, -1.0], [-0.0, 0.0, 1.0], [-0.0, -0.0, -1.0], [0.0, 0.0, 1.0], [-0.0, 0.0, -1.0], [0.0, -0.0, 1.0], [0.7071067690849304, -0.7071067690849304, 0.0], [-0.7071067690849304, -0.7071067690849304, 0.0], [-0.7071067690849304, 0.7071067690849304, 0.0], [0.7071067690849304, 0.7071067690849304, 0.0], [-0.0, -0.0, 1.0]], "polys": [{"back": 65535, "front": 65535, "color": 0, "normal": 0, "vis": 1, "tris": [0, 4, 14, 0, 14, 9]}, {"back": 65535, "front": 65535, "color": 0, "normal": 1, "vis": 1, "tris": [9, 10, 11, 9, 11, 8]}, {"back": 65535, "front": 65535, "color": 0, "normal": 2, "vis": 1, "tris": [8, 11, 13, 8, 13, 12]}, {"back": 65535, "front": 65535, "color": 0, "normal": 3, "vis": 1, "tris": [12, 13, 15, 12, 15, 14]}, {"back": 65535, "front": 65535, "color": 0, "normal": 4, "vis": 1, "tris": [14, 15, 10, 14, 10, 9]}, {"back": 65535, "front": 65535, "color": 0, "normal": 5, "vis": 1, "tris": [2, 0, 9, 2, 9, 8]}, {"back": 65535, "front": 65535, "color": 0, "normal": 6, "vis": 1, "tris": [1, 3, 11, 1, 11, 10]}, {"back": 65535, "front": 65535, "color": 0, "normal": 7, "vis": 1, "tris": [6, 2, 8, 6, 8, 12]}, {"back": 65535, "front": 65535, "color": 0, "normal": 8, "vis": 1, "tris": [3, 7, 13, 3, 13, 11]}, {"back": 65535, "front": 65535, "color": 0, "normal": 9, "vis": 1, "tris": [4, 6, 12, 4, 12, 14]}, {"back": 65535, "front": 65535, "color": 0, "normal": 10, "vis": 1, "tris": [7, 5, 15, 7, 15, 13]}, {"back": 65535, "front": 65535, "color": 0, "normal": 11, "vis": 1, "tris": [2, 3, 1, 2, 1, 0]}, {"back": 65535, "front": 65535, "color": 0, "normal": 12, "vis": 1, "tris": [6, 7, 3, 6, 3, 2]}, {"back": 65535, "front": 65535, "color": 0, "normal": 13, "vis": 1, "tris": [4, 5, 7, 4, 7, 6]}, {"back": 65535, "front": 65535, "color": 0, "normal": 14, "vis": 1, "tris": [0, 1, 5, 0, 5, 4]}, {"back": 65535, "front": 65535, "color": 0, "normal": 15, "vis": 1, "tris": [5, 1, 10, 5, 10, 15]}]}